0.10724702883669579
0.4453859240936424
0.9132383523186292
0.2958592045260957
0.6733428630689104
0.4959040552968048
0.7947715519842262
0.6533695464206062
0.027960451498032057
0.6299815684831174
0.4974401030451503
0.8226767670165032
0.45914384186060886
0.1464786990587612
0.8685585663802016
0.8530771266040205
0.37297157131298775
0.7644992666311339
0.8140937443136806
0.20797505024592056
0.5695398323081236
0.21011533334358035
0.5948940460688164
0.7357624729973224
0.05005801558344558
0.8532745291880985
0.37903022127197517
0.8557569765795279
0.4553598345555798
0.0818284737693773
0.17915393740986474
0.23465570647181266
0.8907165780070443
0.5578691431655329
0.974930675152649
0.4322190990437349
0.6946514145699894
0.010600350768129374
0.4558246593431363
0.08974953838469446
0.2615312576262454
0.22610556231967394
0.7865598821066726
0.4221618431853216
0.5306787341389168
0.4431147605873349
0.8752134215449701
0.06255698935899545
0.9806930508632092
0.6405565419845658
0.7350172592003901
0.030660082010399492
0.6571483625312879
0.11543034325268309
0.5323384045454844
0.47494027002309736
0.4205181515636127
0.504123033757736
0.9448635923231592
0.3697066340728128
0.7156722295429319
0.5343400612795506
0.5134324789291185
0.11720057751044521
0.5512342739766041
0.8430957037778057
0.06873424564906827
0.044024857253674554
0.7920836278489674
0.5773953392881026
0.37080442322796614
0.7320623688922581
0.9539487480918751
0.6864420368866035
0.8103939684982464
0.10062371284554672
0.3754716184538154
0.8020530617584143
0.860620956067919
0.6056628079245314
0.9652410297734804
0.08532221871627144
0.21542629458005536
0.6581111881149155
0.13779606445294235
0.7734691123603028
0.05905108350691535
0.9448584203182406
0.3695273792644116
0.7129985487482173
0.4668307761577921
0.27899062039738
0.4508247928006597
0.004847279632869572
0.3982561783927707
0.1510480831686607
0.9189544684167572
0.48668010675687867
0.6285964070998773
0.4665996853518237
0.27498375401631847
0.3987585777022957
0.15888255704865628
0.00594801183140703
0.40926730395428024
0.3241614110404356
0.05924748375163347
0.9468638513289847
0.4391229367240328
0.8087054451908386
0.051812947523984576
0.8711101859086909
0.9331748317571851
0.9676427107011989
0.1709045643719378
0.140936215126942
0.8077591518651701
0.024508100949773848
0.5952777747261706
0.7438752217071283
0.2625825872403311
0.23948088416507574
0.9500262763780825
0.5492373842307359
0.8036804295985291
0.9072287202290141
0.09678157554367317
0.3350964700536423
0.2127522597588154
0.6262275804550654
0.41400683225626267
0.3995890625301115
0.17184659380970402
0.15159265049260284
0.924977145796646
0.6892888978884031
0.8795487061407101
0.2000324653714074
0.4760517597107423
0.44005567207724994
0.8242087998729062
0.5042903130763818
0.947938341816112
0.4764858576819364
0.4476953413250726
0.9520419381431253
0.619656837023669
0.26910129211410094
0.3228569922661393
0.041103427226715894
0.7625191356011385
0.7604368382894222
0.7041740565746153
0.24587078029820475
0.02916948630759464
0.6421449397177525
0.7710287327467711
0.9920984673638316
0.057432339280495626
0.9283384607841327
0.8030628716009431
0.8895294387809827
0.5195774915163724
0.23232935245876263
0.8622592110973244
0.6565100578412881
0.10062065685457355
0.37543945236734544
0.8015689716102088
0.8467770094409275
0.18046075082668267
0.24958617813902606
0.07550646703754182
0.11375636796884692
0.5144985849368027
0.13709581267453075
0.7658376432942333
0.8504461239048169
0.2923761753401095
0.626950802662634
0.4300439795092643
0.658970741633965
0.1577899383222956
0.9937703626371928
0.11904777025557678
0.5709850783415789
0.23953373843593795
0.9506780924654379
0.5719893020162488
0.26001340795926353
0.20682977510139722
0.5560011564228091
0.9376775008307163
0.12180117258400003
0.6004896390625589
0.8545340174069906
0.417724489573132
0.4591435492083491
0.14647368430377128
0.8685033942838629
0.85134826084807
0.31997884301193835
0.0011939360034602942
0.36171774414465574
0.5972228879172121
0.7850715182577517
0.38053982177777357
0.8786276946225655
0.17075955013285693
0.13929681961892015
0.7898432151473855
0.5142881879288552
0.13316686248219867
0.7231205910062641
0.7237948037629991
0.7410450174401149
0.18816019622528302
0.33803050949127567
0.2543707197519325
0.1355282150156114
0.7487735762396142
0.39210388988377076
0.05560044041286005
0.9096621141909651
0.1772012894716113
0.21238969954832498
0.621913108803426
0.3186974184331035
0.9834801986638269
0.7418736227116938
0.20991773851032747
0.592550383389181
0.6863157336797059
0.807332564125673
0.012210848013779696
0.47194973572824495
0.36811885959775736
0.6920152566430602
0.9460478710208804
0.4107837513404746
0.34823474487726
0.4005586837531325
0.18700367110105276
0.3246927522257863
0.06664840970996977
0.022611716332704646
0.5762316472703475
0.34687828875064497
0.38099548080829493
0.8855414514873985
0.391386143395934
0.04452417596638725
0.797140845328073
0.7205748935294594
0.6588128905037536
0.15411628357611562
0.9529342146437614
0.6508880163556654
0.9707867726503991
0.28333894433592377
0.5076672576337558
0.01018092510409474
0.4516259459533103
0.018407121503372537
0.5340416810434192
0.5076870158591333
0.010546062958624702
0.45528118691801467
0.08048880927660207
0.1652706316811674
0.07744561710273956
0.13378393471954553
0.7298183293635105
0.895909500243036
0.7260817216238138
0.7996828878264637
0.7929280593042449
0.6012324208131758
0.8703763131278066
0.9101096952851151
0.19202123638413582
0.38269515122958353
0.9113735202711979
0.23391521591636888
0.8816487993934174
0.266915820728002
0.2948187077889486
0.659459353894448
0.16916683406516597
0.1213091828545032
0.5952119471884174
0.7424831665660179
0.22593967899372558
0.7845508230079616
0.36599914383997145
0.6605221490477788
0.19394162005632154
0.4049892762190126
0.25655272439770727
0.16303378596961693
0.05235127595138067
0.8765847245161353
0.1059557551596555
0.43172374420993265
0.6865149889500941
0.8121624785326844
0.151869455676092
0.9280398594883081
0.7929355706935439
0.6014445829686821
0.874904660488383
0.05279638308353185
0.8811124758734081
0.24981721567792192
0.07839570750851976
0.14360665623405566
0.8370086515748199
0.8852216439649538
0.38113564439098013
0.8876691415742926
0.45969455635786005
0.15591954304863975
0.9729584163227969
0.3612626530101579
0.5905188072482872
0.6435959764701238
0.8040009432007764
0.9164206770368111
0.40191780107483055
0.208287655940822
0.5732386894348878
0.2855368592512235
0.5365345675871538
0.5557703328808827
0.9330816244258671
0.9644610892817553
0.057586064732220166
0.929906612537394
0.8563128185966491
0.472485959156387
0.37749645951535626
0.8325745153775017
0.7525004545589695
0.49125887617287844
0.7107876492126337
0.41120435094642005
0.3549217250603931
0.49759119969121457
0.8254253265004934
0.5402072956327402
0.6269489992576212
0.4300039680433372
0.6583155236862837
0.14254675047527599
0.8253896122687365
0.5391520035259703
0.606455732559283
0.9822867328896052
0.6984454701262166
0.10394539443628048
0.4104842040806602
0.3434749968215698
0.3320888008271652
0.17027967311611292
0.13387374503322746
0.7307934850385038
0.9211075992066782
0.5589300394599377
0.9961357819233285
0.2064441537208097
0.551447047695973
0.8473026549866063
0.19645972073061557
0.4343028338200412
0.7289464614806889
0.8734103607395554
0.005615473849630348
0.4059406335240112
0.2715489608187909
0.3543622933925832
0.4894356196954277
0.6779890691973662
0.6067571916368024
0.9887726540684696
0.9352498199581305
0.03857221905892061
0.7369362681375975
0.0806541376041423
0.16698322838976765
0.09670192087416751
0.33426079383249885
0.20093204237610962
0.48659315086636923
0.6270411655256396
0.43204896531193526
0.691856184482134
0.9421605959993116
0.2761877691069117
0.41437252846571937
0.4054320511476135
0.2635294317522181
0.2515438243296728
0.10001700579977069
0.3690873142803639
0.7064378583889663
0.30228439424962517
0.7595442916224897
0.6801087827835346
0.6575842516935495
0.12555175425670484
0.6408054601516255
0.7406549668155833
0.17792718741947056
0.22066107783470557
0.7208495435037179
0.6658121307089857
0.3178397627362983
0.9716432692848684
0.31404629713527754
0.9194682617740995
0.5039023068575972
0.9408076494282085
0.2295010514851441
0.8277809990088656
0.6099279346272368
0.0571712834583451
0.9256757576947052
0.7128944323175403
0.4642071831323449
0.2335850255490186
0.877608317171024
0.1384023197877866
0.7800806457329372
0.24160434879782144
0.97625039672279
0.47979866128233084
0.5061676645705546
0.9825006759183594
0.7062256531009012
0.2969883544395344
0.6884331425713981
0.8587306408688562
0.5471320965368704
0.7622567016762218
0.7533368128194553
0.5135830967893042
0.12000935045099936
0.5812802681897722
0.45098973609026416
0.00763762811611457
0.4261721426831997
0.5957550707731372
0.7539727742622802
0.5305761311112462
0.441149946051155
0.8424258791391139
0.04846553512618357
0.8371043917527885
0.8880962114973556
0.47342879967833085
0.3940040841343091
0.08498358388570182
0.21190634591840762
0.6161643312406255
0.19266327955361362
0.3901428835308707
0.02536720450623875
0.6039098980603796
0.927630950834029
0.7790735111957474
0.21368599623876605
0.6373483644167379
0.6625436494824868
0.24117289156347965
0.9709159051272991
0.28796648955182036
0.5685519609303071
0.1900443946266961
0.35980058461618114
0.5690121337126328
0.19939010828284154
0.46853179709373194
0.30852893826880745
0.844104411767205
0.09929245656182673
0.36146727971166115
0.5935326467639754
0.7070181129951152
0.3167742647595304
0.9569588100961255
0.7922023895868904
0.5807461088814847
0.43993637743473357
0.8222247015127522
0.4458404326340428
0.9208641242433799
0.5507498231662993
0.833522308931407
0.7808017600553541
0.26161840302367523
0.22721350186471057
0.7999897865463339
0.8016805766427382
0.8499678471540477
0.2777560769707179
0.43475102221007944
0.7363374930934015
0.06504002452294344
0.0061199414559069965
0.41098731818344447
0.35147064499426506
0.44739065847227266
0.9469145592504162
0.44088502128937535
0.8380126585905856
0.9153853737879842
0.367365136386951
0.6808053089797568
0.67432045638256
0.5191651377194972
0.22456938273370497
0.7679716511524219
0.9085519888044189
0.1404814292031631
0.8027860099012827
0.8815994921520911
0.2653433374672147
0.27469816253450574
0.3950588937951949
0.10133161669500623
0.38292498150650545
0.9148717355954403
0.3502401894675131
0.42955562472934616
0.6509763518732825
0.972818365255506
0.3562307781078573
0.516702165981684
0.1783225945973328
0.22516961297843352
0.775230118218218
0.10750850285425884
0.4481543242997361
0.9597705647701105
0.8913654754713463
0.5788251917397389
0.4002613392978276
0.18235317744365886
0.27124870330492
0.3504916232271853
0.4331973628579249
0.7107382723215068
0.40996406517348305
0.3352153419253341
0.2144348499257518
0.6462769081220614
0.8651089069004314
0.745225943272942
0.2982074301365003
0.7047531694186091
0.260284460942259
0.2102689824563413
0.5967168816707442
0.7743428860329971
0.08307955816388812
0.19213179834775929
0.3839772555799499
0.9309040753564801
0.8902405192138048
0.5425064041276357
0.6717123750005101
0.45718257804722384
0.11292267981191628
0.5056241024047523
0.9724832411336592
0.3441937970065112
0.34239727419651445
0.3166539221629705
0.9553017353875219
0.7339293940440257
0.002380252717259168
0.37358153740819944
0.7736484258256269
0.06397972298810828
0.9952573096485935
0.17395638179050366
0.17550152502082028
0.19304916499037006
0.39462201098618266
0.09455732880013556
0.3117820618772811
0.8884657304164847
0.48531855908380805
0.604268715360675
0.9353215232808907
0.04102668442115487
0.7617430601149806
0.7394481433639584
0.14630234580640433
0.8666185137943501
0.7923610229636324
0.5852226949418196
0.5328499115327929
0.4847653081113492
0.594398131648191
0.7252849204681127
0.7792304437064672
0.21803365092303295
0.689306517727502
0.8799776211607053
0.21367719008568997
0.6372434205817683
0.6601788218050046
0.18593404857035978
0.3123738881616447
0.8965591488085636
0.7472073821237473
0.350592095807329
0.4346529851528942
0.734720332832751
0.022936875082393726
0.5794965399852146
0.41411426853692035
0.4013053044280923
0.19869032233609119
0.4603464126653307
0.16710472721754854
0.09806947977074287
0.34861589082888145
0.4060629261034876
0.27347826151216736
0.37927267411502896
0.859426602392432
0.5686640645891998
0.1923205159956467
0.3861660762899106
0.9643360877560383
0.05314334927319919
0.8846426864390367
0.3625899789702345
0.6100850622743224
0.06056936074455166
0.9603676417216178
0.9124689126201702
0.2702823542401518
0.3380454459504847
0.2545830599142249
0.1382012372355348
0.777887275657136
0.18085364580869623
0.2540795955159041
0.13186470797244
0.7090006281411263
0.3663733295185807
0.6660740900062763
0.3240004992504453
0.0570073399703972
0.9240037841632329
0.6564357246509616
0.0988969229290717
0.35730945045111184
0.5324784404280649
0.47762930986883134
0.4678436448480454
0.29656970725876874
0.6828353222421697
0.7231959437786202
0.7257219229729657
0.7904445907401794
0.5312080746967922
0.45325641660109284
0.04605583325410123
0.8126616460303921
0.1663564845049592
0.08965048208236226
0.2604979600671413
0.2129788467184568
0.6289249940850823
0.47390981446164915
0.4024352270752303
0.21640240237985608
0.6697772913223332
0.41134850593780925
0.35721460376890946
0.5310902071818475
0.45099746953302144
0.007768472501453516
0.4274814178159545
0.6170890848071622
0.21286347846258025
0.6275514893838192
0.44337723415651453
0.8796010109963106
0.20169597762749447
0.49555444019557626
0.7884294401841885
0.47456734508756426
0.41397053519675353
0.3990092994750398
0.16279461980698784
0.04967192904209128
0.849352930556222
0.25897310168090826
0.19364213334995384
0.40150899354063085
0.20188095834863873
0.49772564083093584
0.8278714530598847
0.6126096038746027
0.11527662484213863
0.5306990501019158
0.44350384165237244
0.8817180624705827
0.26912490128825084
0.32316035729672876
0.045319987450781696
0.805203590594914
0.9509477886955864
0.5814087601275162
0.45364996628964604
0.052739983947432734
0.8805387066880712
0.23153838227352708
0.8526038010918171
0.3584509509524878
0.5492018787700061
0.8029807077518996
0.8871757607990958
0.44383754217764704
0.8872999949619498
0.44782938380754445
0.9542984534126617
0.6987081239337982
0.11042666462802231
0.4790947780256545
0.49371858476203556
0.7551830780839168
0.562958336500202
0.07696870227516683
0.1288557786599256
0.6764436576522996
0.5698009803923441
0.2154262555894917
0.6581107224085798
0.13778523869443404
0.7733510893814071
0.05580776592296388
0.9117748175904978
0.24723224020101497
0.04612162174808532
0.8133285700362762
0.18572785520231605
0.31000099197261477
0.8641517095035738
0.7153886739940276
0.5271679715650777
0.3760617811321936
0.8109390821527285
0.11640595569841139
0.542748444786227
0.6764341278888537
0.5695733518051895
0.21079689446534644
0.6029825749421889
0.9077749124312362
0.114809875466932
0.525722759144017
0.34856499626079085
0.40532775838156
0.261885682624623
0.23061245636752403
0.8413139592208267
0.014860043264150136
0.4984861110962555
0.8417176717201329
0.027055522608719684
0.6208810544048191
0.2959904145836276
0.6750951151393281
0.5376214324423501
0.5767920711898427
0.3583955884219563
0.5483901240489502
0.7869935379590629
0.4343053844243343
0.7289885086650401
0.8744947672149266
0.03984501777233618
0.749796723218239
0.419272534985339
0.48404381063180324
0.5815386194106082
0.456339036025895
0.09852170556912654
0.353366466652389
0.47493529091994446
0.420430706078065
0.50271215212355
0.9189620500795854
0.48693415747121094
0.6331414139933713
0.568034437165764
0.17954180841626055
0.23908474464678875
0.9451424422237977
0.37937297648447554
0.8609451210789985
0.6157151251137236
0.18286105949871967
0.2770707770970944
0.42584065853857567
0.5903605818852071
0.6402743780328279
0.7286291145287151
0.8652280327365247
0.7489419708817593
0.3965727094982583
0.12484019990331774
0.6331455277683204
0.5681265619473379
0.18141077158416863
0.2604548891145413
0.2124320980647525
0.6224175475264246
0.32980881976406806
0.13821069920057028
0.7779904747414577
0.1837077857770737
0.2867850788627919
0.5529694234357407
0.8774432434098571
0.13316668239208695
0.7231186369083389
0.7237448312283448
0.7397658571076136
0.15462272938606247
0.9585539983530538
0.848416463269146
0.2303983502005309
0.8387053452372015
0.936220171272808
0.07180757880674093
0.07562991944057273
0.11503056220392693
0.5280753625933841
0.39335738024362854
0.07497376988831661
0.1082594940756394
0.4561091525596055
0.09460040959592675
0.3122332263697274
0.8946349105215603
0.6846867719122969
0.7678998502764074
0.9065940988839856
0.07585079147089857
0.11731053563380556
0.5524090228152119
0.8663399944923071
0.7836574781680667
0.3410768176574521
0.2977769094847531
0.6989863772521119
0.11729558679111562
0.5522493082134332
0.8631773142201666
0.6850548996400505
0.7768029534572349
0.15089003667659995
0.9172072106368176
0.4281993474188539
0.62880585931768
0.47125898596385696
0.35605040826840195
0.5140666698409859
0.12903162332133888
0.678343631631904
0.615247918842627
0.17267311238818195
0.16095203596805163
0.0290539676778252
0.6409825459513456
0.7446670344053246
0.2834580279192096
0.5092289543255646
0.03907612583871867
0.7420268977755882
0.2139452754374247
0.6404387573186057
0.7323503057545224
0.9614094715221171
0.9493306932463383
0.5249788554940267
0.33443536837555143
0.20340008330174442
0.5155754696786232
0.1572256343881122
0.9874867829237104
0.888147391916533
0.47507524783469535
0.4228889574635275
0.5424477471754869
0.6705683549336499
0.430069644479147
0.6593910463545001
0.16757585752861814
0.10337420344687587
0.4044563446803977
0.2481617830856493
0.057713988710702324
0.931211672003144
0.9007120150999128
0.8826838135706225
0.29994795314185296
0.7281043900079567
0.8517069963777288
0.33096447632352977
0.15445182284238967
0.9566571812605247
0.7815860077010797
0.28340776326429307
0.5085697363859083
0.026870437119484336
0.6190200770801368
0.2551349106554994
0.14515184090242883
0.8539708210008428
0.4004136721116822
0.1847354088383497
0.2985880914524728
0.709855123295398
0.387795511650296
0.9892973899881241
0.954493296734725
0.7055447457172903
0.28000590549928006
0.46406513752131673
0.23113198598755957
0.847646877563605
0.20694296332727902
0.5573383109405086
0.9643334232984131
0.053048658752175015
0.8836791892577054
0.3317581876202098
0.16562264170353558
0.08140051153772276
0.17471734748515644
0.18413956022739342
0.29174254604824057
0.6185364473208779
0.24453617893419732
0.012582454932683618
0.4756711525051003
0.4333616334871806
0.7134419891603301
0.4780093217341772
0.474547627688537
0.41362445353082933
0.3934830711402668
0.07691845626787597
0.1283366642903303
0.6708366407765851
0.436423818865066
0.7639690031114128
0.7997100533538486
0.7937026482606484
0.6231227404162212
0.34535645718733576
0.35909499640922604
0.5586502506250213
0.9905400272113809
1.150479992588771E-4
0.35092875095151044
0.4395319820268071
0.8155015731767605
0.24896886377331384
0.0677911522612078
0.034339444309893
0.6942195372900812
7.732491923206908E-6
0.3498555956822287
0.4239879004409204
0.5602604113748271
0.022776071185290903
0.5778818802592411
0.38082060248392224
0.8828874332456138
0.30645179108002196
0.8158905405913686
0.260309090789292
0.21058155853654625
0.6004262779505325
0.8531834577890436
0.37623487002692
0.8135467922273989
0.19207019125586555
0.38326282270693923
0.9200162182585245
0.5222824368383954
